10000 0.999999896498635 26470.4309369474
20000 0.999999987051126 211580.251773876
30000 0.999999996162195 713878.42842801
40000 0.999999998380694 1691913.91892357
50000 0.999999999170844 3304236.1601937
60000 0.999999999520137 5709394.29745025
70000 0.9999999996978 9065938.6014602
80000 0.999999999797543 13532411.0532659
90000 0.999999999857805 19267336.8525308
1e+05 0.999999999896338 26429366.6631777
110000 0.999999999922118 35177694.5077144
120000 0.99999999994001 45669617.6885547
130000 0.999999999952816 58064273.6359444
140000 0.999999999962221 72519809.1918633
150000 0.999999999969284 89195124.1981635
160000 0.999999999974691 108249256.390366
170000 0.999999999978899 129840670.909125
180000 0.999999999982224 154124976.464777
190000 0.999999999984886 181265164.514167
2e+05 0.999999999987041 211419083.222077
210000 0.999999999988806 244743657.39907
220000 0.999999999990264 281395482.484114
230000 0.999999999991479 321531983.894993
240000 0.999999999992501 365323812.817096
250000 0.999999999993365 412925575.315474
260000 0.999999999994101 464469381.366865
270000 0.999999999994733 520145400.418125
280000 0.999999999995277 580109034.816299
290000 0.999999999995749 644533607.544655
3e+05 0.99999999999616 713504256.984686
310000 0.99999999999652 787253819.692504
320000 0.999999999996836 865959863.56771
330000 0.999999999997115 949673205.006577
340000 0.999999999997362 1038648858.62629
350000 0.999999999997582 1133023793.94433
360000 0.999999999997778 1232938207.94965
370000 0.999999999997953 1338463862.45683
380000 0.999999999998111 1450153272.1467
390000 0.999999999998252 1567506716.13568
4e+05 0.99999999999838 1691265727.64904
410000 0.999999999998496 1821334285.3443
420000 0.999999999998601 1957891005.40563
430000 0.999999999998696 2101086269.23243
440000 0.999999999998783 2250753213.43826
450000 0.999999999998862 2408242239.88865
460000 0.999999999998935 2572155329.59567
470000 0.999999999999001 2743441715.63563
480000 0.999999999999063 2922460709.63335
490000 0.999999999999119 3109533547.39735
5e+05 0.999999999999171 3303515158.25256
510000 0.999999999999218 3505292362.521
520000 0.999999999999263 3715894930.30401
530000 0.999999999999303 3933257607.92954
540000 0.999999999999342 4161426346.06254
550000 0.999999999999377 4397230618.70131
560000 0.99999999999941 4640326858.24606
570000 0.99999999999944 4893368675.81862
580000 0.999999999999469 5156134189.75219
590000 0.999999999999495 5427151579.53698
6e+05 0.99999999999952 5708364152.70767
610000 0.999999999999543 5999819652.84606
620000 0.999999999999565 6296825269.75156
630000 0.999999999999585 6607030316.50786
640000 0.999999999999604 6925977612.16877
650000 0.999999999999622 7255883043.85704
660000 0.999999999999639 7597678027.1423
670000 0.999999999999655 7947587192.32161
680000 0.99999999999967 8306044507.62671
690000 0.999999999999684 8683060602.44874
7e+05 0.999999999999698 9065855338.78018
710000 0.99999999999971 9458512162.57568
720000 0.999999999999722 9870903292.8641
730000 0.999999999999733 10277908468.2051
740000 0.999999999999744 10705968864.278
750000 0.999999999999754 11146006428.257
760000 0.999999999999764 11601907960.5836
770000 0.999999999999773 12067118939.9323
780000 0.999999999999782 12539257231.7895
790000 0.99999999999979 13015431557.0474
8e+05 0.999999999999797 13529198592.1941
810000 0.999999999999805 14045109978.4646
820000 0.999999999999812 14576053297.2017
830000 0.999999999999819 15111609450.1914
840000 0.999999999999825 15658158776.753
850000 0.999999999999831 16235038310.6335
860000 0.999999999999837 16821580253.6899
870000 0.999999999999843 17415143424.2507
880000 0.999999999999848 18012597249.7543
890000 0.999999999999853 18638412562.057
9e+05 0.999999999999858 19249031382.3429
910000 0.999999999999863 19933164969.4376
920000 0.999999999999867 20564381860.1365
930000 0.999999999999871 21255175049.2368
940000 0.999999999999875 21935340650.8125
950000 0.999999999999879 22660475878.9386
960000 0.999999999999883 23390766096.8381
970000 0.999999999999886 24098884992.3479
980000 0.99999999999989 24851216749.4103
990000 0.999999999999893 25652035584.3705
1e+06 0.999999999999896 26449365736.5108
