10000 0.999985400646716 187.658040450073
20000 0.999998153687479 1483.88798648004
30000 0.999999450926506 4989.72278796102
40000 0.99999976794175 11806.1968962915
50000 0.999999881059172 23034.3587299786
60000 0.999999931119777 39775.2175269995
70000 0.999999956601715 63129.8191306076
80000 0.999999970915613 94199.1975078786
90000 0.999999979567152 134084.388573426
1e+05 0.999999985100988 183886.421633786
110000 0.999999988804025 244706.342823658
120000 0.999999991374885 317645.17446293
130000 0.999999993215208 403803.962495617
140000 0.999999994567094 504283.712155854
150000 0.999999995582409 620185.504401873
160000 0.999999996359702 752610.309074626
170000 0.999999996964828 902659.294810423
180000 0.999999997442934 1071433.29890873
190000 0.999999997825672 1260033.48949395
2e+05 0.999999998135684 1469560.85120377
210000 0.999999998389454 1701116.48465225
220000 0.99999999859918 1955801.44203271
230000 0.999999998774016 2234716.61196646
240000 0.999999998920927 2538963.29088039
250000 0.999999999045273 2869642.496616
260000 0.999999999151224 3227854.16734695
270000 0.99999999924206 3614700.72481677
280000 0.999999999320384 4031283.8558705
290000 0.999999999388277 4478701.15886953
3e+05 0.99999999944742 4958058.40681791
310000 0.999999999499177 5470450.79035696
320000 0.999999999544668 6016987.00789409
330000 0.999999999584812 6598761.98549646
340000 0.999999999620372 7216878.79262327
350000 0.999999999651985 7872437.73561846
360000 0.999999999680183 8566541.1712731
370000 0.999999999705415 9300289.60162507
380000 0.999999999728061 10074784.6930591
390000 0.999999999748444 10891117.8652976
4e+05 0.99999999976684 11750403.89426
410000 0.999999999783485 12653751.821909
420000 0.999999999798583 13602236.0344948
430000 0.999999999812309 14596978.7921228
440000 0.999999999824815 15639066.4112112
450000 0.999999999836235 16729607.3245083
460000 0.999999999846683 17869691.8861887
470000 0.999999999856261 19060448.9038406
480000 0.999999999865058 20302980.9772817
490000 0.999999999873151 21598329.9074152
5e+05 0.99999999988061 22947669.4361489
510000 0.999999999887495 24352012.74714
520000 0.999999999893861 25812572.6106836
530000 0.999999999899755 27330382.4349484
540000 0.999999999905221 28906546.0802893
550000 0.999999999910297 30542219.5694325
560000 0.999999999915017 32238384.4398154
570000 0.999999999919411 33996239.3752406
580000 0.999999999923507 35816829.4379115
590000 0.999999999927331 37701392.9223718
6e+05 0.999999999930904 39650844.570801
610000 0.999999999934246 41666328.8030144
620000 0.999999999937376 43749039.524986
630000 0.999999999940311 45899991.315036
640000 0.999999999943065 48120420.1659483
650000 0.999999999945652 50411236.8076131
660000 0.999999999948085 52773500.4627518
670000 0.999999999950375 55208617.4184699
680000 0.999999999952532 57717560.0418095
690000 0.999999999954566 60301242.1555591
7e+05 0.999999999956485 62960862.5450783
710000 0.999999999958298 65697926.9605423
720000 0.999999999960012 68512921.8154618
730000 0.999999999961632 71406996.3228264
740000 0.999999999963167 74381740.784164
750000 0.99999999996462 77437798.8379714
760000 0.999999999965998 80576171.3293542
770000 0.999999999967306 83799152.5136097
780000 0.999999999968547 87106145.8709674
790000 0.999999999969727 90499630.4484412
8e+05 0.999999999970848 93979245.4602665
810000 0.999999999971914 97547052.4372634
820000 0.999999999972929 101205156.916177
830000 0.999999999973895 104951997.548252
840000 0.999999999974817 108790903.538944
850000 0.999999999975695 112723236.59238
860000 0.999999999976533 116747999.884507
870000 0.999999999977333 120867414.245169
880000 0.999999999978097 125082408.619007
890000 0.999999999978827 129396771.179511
9e+05 0.999999999979525 133806470.010366
910000 0.999999999980192 138316134.742497
920000 0.999999999980831 142925657.842058
930000 0.999999999981443 147637173.233955
940000 0.999999999982029 152450150.006633
950000 0.99999999998259 157366422.843225
960000 0.999999999983129 162388843.619217
970000 0.999999999983645 167516958.779757
980000 0.999999999984141 172750654.409731
990000 0.999999999984616 178092854.073118
1e+06 0.999999999985073 183542270.225353
