10000 0.988015953179128 0.225874703501162
20000 0.99803373408464 1.39062523340919
30000 0.999364959024613 4.31151106027278
40000 0.999720674577213 9.80562644437964
50000 0.999853434194259 18.6900652808245
60000 0.999913803517681 31.7819219409171
70000 0.999945096804451 49.898290623557
80000 0.999962905998831 73.8562655321293
90000 0.999973776423262 104.472940870869
1e+05 0.999980783044522 142.565422565226
110000 0.999985500529376 188.950781299466
120000 0.99998879223247 244.446123092122
130000 0.999991158502941 309.868542154877
140000 0.999992902960504 386.035132690683
150000 0.999994217129138 473.762988898083
160000 0.999995225893071 573.869204981045
170000 0.999996013051188 687.170875173217
180000 0.999996636259113 814.485093620838
190000 0.999997136070189 956.628954638608
2e+05 0.999997541572843 1114.41955229525
210000 0.999997874000528 1288.67398084307
220000 0.999998149098987 1480.20933453704
230000 0.99999837871207 1689.84270762943
240000 0.999998571864736 1918.39119436472
250000 0.999998735515711 2166.67188871567
260000 0.999998875088965 2435.50188435726
270000 0.999998994854531 2725.69827736756
280000 0.999999098205045 3038.07816002349
290000 0.999999187859077 3373.45862680328
3e+05 0.999999266012338 3732.65677345163
310000 0.999999334451339 4116.48969304077
320000 0.999999394639662 4525.77447849455
330000 0.999999447784063 4961.32822609798
340000 0.999999494885547 5423.96802987121
350000 0.999999536779158 5914.51098153009
360000 0.999999574165213 6433.77418094176
370000 0.999999607633994 6982.57471440903
380000 0.999999637685404 7561.72968437442
390000 0.999999664744704 8172.05617495966
4e+05 0.999999689175202 8814.37129319331
410000 0.999999711288528 9489.49212163903
420000 0.999999731353015 10198.2357598568
430000 0.999999749600553 10941.4193135528
440000 0.99999976623224 11719.8598467373
450000 0.999999781423043 12534.3744857834
460000 0.999999795325681 13385.7802941752
470000 0.999999808073852 14274.8944015634
480000 0.999999819784941 15202.5338638988
490000 0.9999998305623 16169.515809446
5e+05 0.999999840497162 17176.657317967
510000 0.999999849670268 18224.775479438
520000 0.99999985815325 19314.6873949944
530000 0.999999866009806 20447.2101666271
540000 0.999999873296779 21623.1731543882
550000 0.999999880064728 22843.3691309981
560000 0.999999886359116 24108.6272009913
570000 0.999999892220649 25419.7645041774
580000 0.999999897685904 26777.59815031
590000 0.999999902787812 28182.945211312
6e+05 0.999999907556073 29636.622733876
610000 0.999999912017522 31139.4478715326
620000 0.999999916196443 32692.2376575351
630000 0.999999920114852 34295.8093153745
640000 0.999999923792736 35950.9797997521
650000 0.99999992724827 37658.5662170735
660000 0.999999930498008 39419.3859039931
670000 0.999999933557044 41234.255531599
680000 0.999999936439163 43103.9924357916
690000 0.999999939156973 45029.4138547636
7e+05 0.999999941722017 47011.3365657809
710000 0.999999944144881 49050.577884045
720000 0.99999994643528 51147.9548667548
730000 0.999999948602145 53304.2845478341
740000 0.999999950653693 55520.3840199369
750000 0.999999952597495 57797.0704570621
760000 0.999999954440533 60135.1608715138
770000 0.999999956189251 62535.4725547829
780000 0.999999957849607 64998.8222053042
790000 0.999999959427112 67526.0271194621
8e+05 0.999999960926871 70117.9045916111
810000 0.999999962353614 72775.2713355322
820000 0.999999963711732 75498.9449706027
830000 0.999999965005302 78289.7424787473
840000 0.999999966238111 81148.4797514121
850000 0.999999967413688 84075.9757336522
860000 0.999999968535315 87073.0465788339
870000 0.999999969606052 90140.5096133622
880000 0.999999970628752 93279.1817016
890000 0.99999997160608 96489.8794581685
9e+05 0.999999972540523 99773.4210558677
910000 0.999999973434409 103130.622932388
920000 0.999999974289914 106562.302529187
930000 0.999999975109076 110069.276050066
940000 0.999999975893805 113652.36227721
950000 0.999999976645891 117312.376072842
960000 0.999999977367015 121050.136339758
970000 0.999999978058752 124866.460470664
980000 0.999999978722585 128762.163589266
990000 0.999999979359907 132738.064918505
1e+06 0.999999979972028 136794.979804349
