10000 0.999865523368655 20.3705102579303
20000 0.99998286264605 159.865932849571
30000 0.999994890006486 536.147848311524
40000 0.999997837423583 1266.8778225107
50000 0.999998890674009 2469.71856026262
60000 0.999999357223739 4262.32957347412
70000 0.999999594857489 6762.37334181813
80000 0.999999728404245 10087.511435697
90000 0.999999809150252 14355.4054157843
1e+05 0.999999860812586 19683.7168430853
110000 0.999999895390816 26190.107294059
120000 0.99999991940143 33992.2383416499
130000 0.999999936591827 43207.7715235523
140000 0.999999949221426 53954.3683841265
150000 0.999999958707782 66349.6905457585
160000 0.999999965970956 80511.3993171901
170000 0.999999971625864 96557.1573198546
180000 0.999999976094106 114604.624615606
190000 0.99999997967132 134771.463858682
2e+05 0.999999982568983 157175.335812628
210000 0.999999984941091 181933.90141076
220000 0.999999986901593 209164.825109023
230000 0.999999988536028 238985.763710288
240000 0.999999989909463 271514.38818844
250000 0.999999991071982 306868.348809355
260000 0.999999992062569 345165.310611096
270000 0.999999992911867 386522.947960468
280000 0.999999993644196 431058.890590063
290000 0.999999994279018 478890.834116934
3e+05 0.999999994832036 530136.418195812
310000 0.999999995316014 584913.326658841
320000 0.999999995741397 643339.175311167
330000 0.999999996116793 705531.721286985
340000 0.999999996449331 771608.498271656
350000 0.99999999674496 841687.239423718
360000 0.999999997008659 915885.605883854
370000 0.999999997244627 994321.269475613
380000 0.999999997456414 1077111.79791934
390000 0.999999997647042 1164375.09869046
4e+05 0.999999997819086 1256228.55078996
410000 0.999999997974759 1352789.91744815
420000 0.999999998115961 1454176.88807953
430000 0.999999998244336 1560507.08132468
440000 0.999999998361308 1671898.2429655
450000 0.999999998468116 1788467.99858301
460000 0.999999998565839 1910334.08138106
470000 0.999999998655424 2037613.85742819
480000 0.999999998737701 2170425.1120595
490000 0.999999998813399 2308885.57535485
5e+05 0.999999998883164 2453113.36010851
510000 0.999999998947565 2603225.25719156
520000 0.999999999007108 2759340.05171601
530000 0.999999999062243 2921573.92409502
540000 0.99999999911337 3090045.5432019
550000 0.999999999160847 3264872.09440857
560000 0.999999999204994 3446171.90998467
570000 0.999999999246098 3634061.50957881
580000 0.999999999284417 3828660.24273555
590000 0.999999999320181 4030083.67360257
6e+05 0.999999999353602 4238451.80668035
610000 0.999999999384868 4453881.89855127
620000 0.999999999414149 4676489.18436225
630000 0.999999999441601 4906393.04025724
640000 0.999999999467364 5143711.25379033
650000 0.999999999491566 5388561.79500541
660000 0.999999999514324 5641060.28517081
670000 0.999999999535744 5901327.87950927
680000 0.999999999555923 6169481.13129267
690000 0.999999999574948 6445632.36946614
7e+05 0.999999999592903 6729909.26761318
710000 0.99999999960986 7022417.09611835
720000 0.999999999625888 7323286.99670476
730000 0.999999999641051 7632624.06891566
740000 0.999999999655405 7950557.44615168
750000 0.999999999669003 8277195.51143658
760000 0.999999999681896 8612662.23804622
770000 0.999999999694127 8957073.94349556
780000 0.999999999705739 9310539.17893862
790000 0.999999999716771 9673194.79626913
8e+05 0.999999999727259 10045138.2216569
810000 0.999999999737234 10426498.004119
820000 0.99999999974673 10817399.8121724
830000 0.999999999755773 11217934.9733614
840000 0.999999999764391 11628253.3046677
850000 0.999999999772607 12048436.4960522
860000 0.999999999780447 12478633.1378648
870000 0.99999999978793 12918955.033028
880000 0.999999999795077 13369526.5681738
890000 0.999999999801906 13830419.6705656
9e+05 0.999999999808435 14301793.3865053
910000 0.99999999981468 14783777.1520897
920000 0.999999999820657 15276460.5112496
930000 0.99999999982638 15779972.9561338
940000 0.999999999831861 16294437.9663087
950000 0.999999999837115 16819963.6082337
960000 0.999999999842151 17356655.0461724
970000 0.999999999846982 17904646.6039724
980000 0.999999999851618 18464050.0084964
990000 0.999999999856069 19034984.3172371
1e+06 0.999999999860343 19617603.6109947
