2 0.999999999860343 19617603.6109947
3 0.999999999685831 8720547.90929703
4 0.999999999441582 4906227.21067427
5 0.999999999127634 3140571.22120955
6 0.999999998744028 2181359.74814811
7 0.999999998290802 1602930.94776604
8 0.999999997767996 1227473.41872056
9 0.999999997175647 970036.76967612
10 0.999999996513797 785876.690022042
11 0.999999995782482 649606.292427922
12 0.999999994981744 545951.807769857
13 0.99999999411162 465276.725267027
14 0.999999993172151 401257.540104716
15 0.999999992163374 349605.312080513
16 0.99999999108533 307327.805536245
17 0.999999989938057 272285.977413972
18 0.999999988721594 242917.845002582
19 0.999999987435981 218061.275365466
20 0.999999986081257 196837.169851439
21 0.99999998465746 178570.566657566
22 0.999999983164631 162736.315970259
23 0.999999981602807 148920.867723236
24 0.999999979972028 136794.979804349
