10000 0.999999996546231 793256.84241361
20000 0.999999999568139 6344006.28442866
30000 0.999999999872027 21408705.5221243
40000 0.99999999994601 50744927.47447
50000 0.999999999972356 99107842.8857118
60000 0.999999999984002 171254489.904525
70000 0.999999999989925 271940693.502876
80000 0.999999999993251 405929369.522315
90000 0.99999999999526 577962344.709233
1e+05 0.999999999996544 792818165.908945
110000 0.999999999997404 1055215010.35248
120000 0.999999999998 1369969368.35162
130000 0.999999999998427 1741760180.13328
140000 0.999999999998741 2175549522.36058
150000 0.999999999998976 2675911757.98545
160000 0.999999999999156 3247862362.74629
170000 0.999999999999297 3894769291.6903
180000 0.999999999999407 4623807051.1809
190000 0.999999999999496 5437914991.66035
2e+05 0.999999999999568 6342137813.45578
210000 0.999999999999627 7342236903.34957
220000 0.999999999999676 8445331359.39736
230000 0.999999999999716 9647090786.61458
240000 0.99999999999975 10962797970.7512
250000 0.999999999999779 12381965997.0706
260000 0.999999999999803 13926217963.9742
270000 0.999999999999824 15608638983.0252
280000 0.999999999999842 17390597767.5569
290000 0.999999999999858 19324399555.3356
3e+05 0.999999999999872 21365591542.9991
310000 0.999999999999884 23614601179.1045
320000 0.999999999999895 25976061297.0153
330000 0.999999999999904 28528622233.7165
340000 0.999999999999912 31158154333.5416
350000 0.999999999999919 33943959053.8722
360000 0.999999999999926 36997388653.921
370000 0.999999999999932 40125623141.7324
380000 0.999999999999937 43445877169.3055
390000 0.999999999999942 47094004259.8581
4e+05 0.999999999999946 50671988156.3979
410000 0.99999999999995 54716758829.6361
420000 0.999999999999953 58615815278.3039
430000 0.999999999999956 62952189367.7705
440000 0.999999999999959 67424202820.126
450000 0.999999999999962 72367326194.0357
460000 0.999999999999964 77116431975.5195
470000 0.999999999999967 81984246618.4926
480000 0.999999999999969 87819424313.7592
490000 0.999999999999971 93474463000.6302
5e+05 0.999999999999972 99105454747.6563
510000 0.999999999999974 105009609498.581
520000 0.999999999999975 111158820865.615
530000 0.999999999999977 117510753486.507
540000 0.999999999999978 125265270214.043
550000 0.999999999999979 131963947765.597
560000 0.99999999999998 139419538034.84
570000 0.999999999999981 147768013366.267
580000 0.999999999999982 156185178684.599
590000 0.999999999999983 163425551206.402
6e+05 0.999999999999984 172568239385.781
610000 0.999999999999985 178820711827.295
620000 0.999999999999986 189825063324.36
630000 0.999999999999986 195851255810.847
640000 0.999999999999987 209129307052.261
650000 0.999999999999987 218382816213.865
660000 0.999999999999988 226396864515.292
670000 0.999999999999988 237281329155.45
680000 0.999999999999989 249265234668.352
690000 0.99999999999999 262524023746.456
7e+05 0.99999999999999 268231067740.944
710000 0.99999999999999 283646646346.746
720000 0.999999999999991 300942173563.011
730000 0.999999999999991 308465727902.086
740000 0.999999999999991 320483873145.025
750000 0.999999999999992 333476462596.85
760000 0.999999999999992 352532260459.527
770000 0.999999999999992 362900856355.396
780000 0.999999999999993 368317287047.267
790000 0.999999999999993 385582159877.608
8e+05 0.999999999999993 404545216920.769
810000 0.999999999999994 425469969520.12
820000 0.999999999999994 440665325574.41
830000 0.999999999999994 456986263558.647
840000 0.999999999999994 465608645889.943
850000 0.999999999999994 483867808473.862
860000 0.999999999999995 503617514942.183
870000 0.999999999999995 525048047492.914
880000 0.999999999999995 548383516270.377
890000 0.999999999999995 573889726329.465
9e+05 0.999999999999995 587553767432.547
910000 0.999999999999995 601884347126.024
920000 0.999999999999996 616931455804.175
930000 0.999999999999996 632750211081.205
940000 0.999999999999996 649401532425.447
950000 0.999999999999996 685479395337.972
960000 0.999999999999996 725801712710.794
970000 0.999999999999996 725801712710.794
980000 0.999999999999996 747795704005.061
990000 0.999999999999997 796040588134.42
1e+06 0.999999999999997 796040588134.42
