10000 0.999999506256016 5548.87707280283
20000 0.99999993803482 44213.9581120354
30000 0.999999981615815 149026.240987075
40000 0.999999992239105 353016.773244843
50000 0.999999996024869 689216.593009075
60000 0.999999997698979 1190656.6576409
70000 0.999999998550692 1890368.37601629
80000 0.999999999028942 2821381.7970019
90000 0.999999999317921 4016729.25983952
1e+05 0.999999999502722 5509441.82124153
110000 0.999999999626361 7332548.16321151
120000 0.999999999712186 9519081.83310696
130000 0.999999999773615 12102075.8869657
140000 0.999999999818736 15114543.5015211
150000 0.99999999985262 18589537.8001871
160000 0.999999999878559 22560105.1603932
170000 0.999999999898751 27059227.9474244
180000 0.999999999914703 32120010.7643436
190000 0.999999999927473 37775380.2532477
2e+05 0.999999999937816 44058507.6122431
210000 0.999999999946282 51002193.3190482
220000 0.999999999953279 58639772.61735
230000 0.999999999959111 67003872.5132993
240000 0.999999999964012 76128192.8690653
250000 0.999999999968159 86044938.8287152
260000 0.999999999971693 96787605.3837952
270000 0.999999999974723 108389041.439008
280000 0.999999999977336 120883400.353715
290000 0.9999999999796 134301658.44874
3e+05 0.999999999981573 148677886.416949
310000 0.999999999983299 164044793.138037
320000 0.999999999984816 180438117.267042
330000 0.999999999986155 197885074.630732
340000 0.999999999987341 216423513.07942
350000 0.999999999988395 236087272.371283
360000 0.999999999989336 256902237.545457
370000 0.999999999990177 278911561.55752
380000 0.999999999990932 302139678.383145
390000 0.999999999991612 326621818.219794
4e+05 0.999999999992225 352396336.155701
410000 0.99999999999278 379486655.471319
420000 0.999999999993284 407942508.629263
430000 0.999999999993742 437796196.923957
440000 0.999999999994159 469042390.177582
450000 0.99999999999454 501764059.942505
460000 0.999999999994888 535937848.45349
470000 0.999999999995208 571682764.95503
480000 0.999999999995501 608939129.723777
490000 0.999999999995771 647799082.061814
5e+05 0.999999999996019 688270715.459053
510000 0.999999999996249 730398929.499631
520000 0.999999999996461 774212782.583917
530000 0.999999999996658 819706302.344615
540000 0.99999999999684 867024742.888382
550000 0.99999999999701 916144128.010592
560000 0.999999999997167 966977203.452084
570000 0.999999999997313 1019721414.54962
580000 0.99999999999745 1074278796.39999
590000 0.999999999997577 1130791285.89595
6e+05 0.999999999997696 1189322773.72935
610000 0.999999999997808 1249671252.95554
620000 0.999999999997912 1312201331.0707
630000 0.99999999999801 1376848643.20248
640000 0.999999999998102 1443283321.56511
650000 0.999999999998188 1512086901.47809
660000 0.999999999998269 1582890200.90599
670000 0.999999999998345 1655858433.34404
680000 0.999999999998417 1731251454.4779
690000 0.999999999998485 1808785328.16314
7e+05 0.999999999998549 1888372989.90904
710000 0.99999999999861 1970554837.66931
720000 0.999999999998667 2054897013.25125
730000 0.999999999998721 2141937178.3817
740000 0.999999999998772 2231216838.34872
750000 0.999999999998821 2323002751.77803
760000 0.999999999998866 2416732761.93704
770000 0.99999999999891 2513470995.32901
780000 0.999999999998951 2612732475.61051
790000 0.999999999998991 2714471260.82303
8e+05 0.999999999999028 2818969411.94233
810000 0.999999999999064 2925925804.14323
820000 0.999999999999097 3035333115.88497
830000 0.99999999999913 3148412634.87441
840000 0.99999999999916 3263324283.54224
850000 0.99999999999919 3380909471.4546
860000 0.999999999999218 3501810448.72255
870000 0.999999999999244 3625276661.10599
880000 0.99999999999927 3752624427.02997
890000 0.999999999999294 3881292581.33842
9e+05 0.999999999999317 4013214869.4341
910000 0.99999999999934 4148832924.03342
920000 0.999999999999361 4287223459.37306
930000 0.999999999999381 4428797241.95115
940000 0.999999999999401 4573250228.3455
950000 0.99999999999942 4720210067.35899
960000 0.999999999999438 4871152434.29791
970000 0.999999999999455 5023871789.93356
980000 0.999999999999471 5181032591.25636
990000 0.999999999999487 5341397885.74771
1e+06 0.999999999999502 5505858597.08943
